
2610
1457
9820
3087
5125
3391
8242
7475
83
3452
2133
7380
3997
6034
6920
2145
3121
4183
3107
7029
2314
4308
6659
6730
1307
6457
9202
2473
3200
8728
3874
7581
4196
9626
3309
5885
3654
2957
9348
9968
5371
5535
9170
2932
5807
1526
1038
3100
565
9531
5019
3074
7719
7995
67
9569
8936
5659
1693
7886
4213
813
636
511
5636
5428
5675
9058
5639
8974
1150
4965
1929
5293
5995
2806
588
4486
5619
6145
4942
7386
5346
637
1411
6608
3492
7682
8792
608
8031
7584
743
6883
2763
6657
5617
2079
8257
6864
271
1253
5393
860
601
1879
3302
7516
27
8713
3804
7096
8354
6905
869
5715
236
8060
6926
142
9145
6579
3936
8047
4214
5788
1603
8151
4178
6587
3984
5589
1925
9935
7372
8660
1221
3738
8474
1991
5983
1264
182
6091
9078
9936
5387
845
4763
2030
310
5143
4870
7257
2009
5868
1928
5673
919
8243
8407
5758
8859
3396
6976
8479
4204
4131
3798
2962
89
8468
1049
5076
9989
6853
4917
4567
6809
4987
8345
862
7298
3052
9067
8788
2449
4126
6377
278
9643
3075
2229
6925
8083
9928
6015
4921
9720
558
8010
4093
1319
2275
1072
7721
5224
5832
407
4432
7730
4010
5186
387
8269
3601
3369
3901
9650
9813
6780
4048
8868
9792
6561
8520
8749
9961
3891
3702
7058
1436
5140
8646
6230
848
7981
5520
3038
3969
2489
961
9610
9952
1932
3272
6515
2186
8003
3612
9242
6200
5477
9690
4576
3307
620
3762
6646
8661
6481
3067
5257
5529
6242
7822
8140
4404
3796
217
34
1546
6473
654
3340
1495
8631
5145
9287
4046
6077
7937
4103
7915
8259
8651
3098
1338
1529
607
8740
4577
3204
1795
796
6135
3332
7131
6235
8933
7860
9771
3421
5325
5047
2544
9056
7275
8221
5271
6340
4544
2444
4990
4871
8236
4920
5906
2317
4106
1037
8147
4534
3720
9597
4608
7010
960
6290
8437
4352
1629
7413
7405
834
9967
2503
1243
4185
1829
8613
802
3103
1445
356
8729
9623
2625
7877
2988
975
1528
9433
3754
922
3884
8476
3959
7652
3112
6886
5369
6409
6943
729
6072
9266
1648
1254
5464
917
2713
7716
5857
8594
9413
3227
4619
9149
8867
2010
2356
1179
881
1326
9814
1292
9383
8743
7137
6325
9043
4483
4060
7201
542
7493
7560
5223
9389
5443
7253
1981
1451
7457
1696
525
7087
5513
2578
7824
9733
7505
9841
6723
3523
7781
5282
5463
9198
2092
9453
9414
3430
6430
6151
793
7450
9497
5452
5681
1382
5347
6726
1116
7921
3580
4732
3290
9172
9132
4263
4654
4821
7808
6209
9088
3089
8872
5008
7242
9077
2934
3263
3527
639
2781
1154
1522
2198
9609
2239
6573
239
2290
8887
6167
7115
5456
4505
6191
2838
7366
762
9229
382
5610
9079
9329
6314
6908
4840
2789
5791
3532
8721
97
3923
2370
959
1689
4812
1927
6694
138
5340
9360
8704
5187
5119
8093
8588
9505
6810
6118
159
9847
8244
3556
5542
5490
4636
4006
1040
9949
6117
9654
1634
9663
2949
5253
9226
5967
2677
8849
7665
3968
1872
6050
8701
6758
5800
9937
8583
1898
2619
7289
3336
833
5974
4367
3233
4618
4443
105
7621
7402
9763
9846
5341
4617
9765
4855
2143
9717
1663
6461
134
5994
8488
7231
5748
1651
7683
3648
6575
3536
2201
6414
5177
9873
4707
9803
3545
9018
7979
1402
2810
5163
8846
6728
9393
7685
6966
233
144
4035
9477
3466
8723
4274
7065
6320
6918
4020
4792
4896
9683
5814
5522
6738
6394
8256
7961
3315
7052
2408
3745
7362
4148
426
7783
6207
7927
4832
6423
6059
4866
5629
6652
8926
3886
4889
3474
1511
435
7095
3472
4606
3323
5009
2061
5828
2727
950
1157
1844
2762
1534
7972
8163
4955
8938
6189
378
9998
9893
6176
3174
7262
4271
3007
3885
4983
7958
7299
4125
1386
7697
5757
3870
6342
3843
3058
9619
1422
9673
5849
3012
7272
5855
5912
6450
7881
7504
8838
4387
9912
4967
3354
2160
5608
948
5835
3825
7728
4555
7891
4112
5556
3095
974
7020
6934
4703
3814
2528
8815
9525
1885
4111
8174
4301
4079
3085
5085
1169
4055
2340
5087
8356
9634
1270
9452
7814
924
5062
8154
2162
9359
6946
617
3562
7278
3393
9039
5772
4365
2411
8816
5688
3512
6704
2127
164
7658
9372
5756
4937
213
4464
547
3718
1137
1584
6828
5739
7507
8223
2365
5940
7663
4529
4805
8916
3385
6822
5288
6305
3149
151
2265
4761
5664
6455
1797
5644
8346
2897
5913
6369
7841
9837
2139
8980
2149
8596
6281
9171
9646
8873
3306
1013
8306
1807
1215
1931
1035
2687
9990
9918
8270
5157
4852
7778
8141
3694
4492
5890
5112
295
1983
5105
2439
5564
6734
5311
6168
3101
649
7956
7904
3189
4856
288
631
7028
3840
6469
7815
1530
3423
4007
8102
2845
4662
6421
6032
3896
4906
3069
7918
8717
8593
2479
971
9805
4742
2969
6445
2693
6463
4124
8403
7574
2303
8429
8530
1317
1668
4873
3401
7430
1144
7486
8637
7258
276
9491
7592
191
6033
9300
6623
6750
9240
6964
4687
452
4439
6109
4879
1728
3031
3002
4495
518
4655
887
475
1982
268
350
2103
7598
9347
7352
8254
7136
9562
1581
767
9450
590
1655
3032
5139
7481
2405
3372
2125
3156
293
1786
8366
5682
8088
7399
8090
4424
4494
5604
7216
2266
9030
4146
920
720
6095
3160
5922
2730
7996
6541
1830
100
7079
655
4235
2853
3203
1408
2874
9007
2392
5390
9444
8897
1248
573
7742
3561
4323
8068
3735
3913
8669
3387
1906
5454
5751
3615
1109
6878
7819
7157
6309
8426
9770
9810
326
9134
979
6205
2609
6870
1586
9031
1378
1666
5842
7803
8458
6240
1277
432
7394
1719
2409
5723
4452
2631
9118
9316
6351
6187
234
6474
8577
7657
5339
5396
2963
5543
2616
4992
4629
5656
9552
6664
124
3755
3994
6538
6021
8782
7193
9224
7675
2715
465
9367
1897
2054
4771
2352
4620
7962
7863
7274
1718
1875
849
8756
1136
8044
3293
3703
5275
389
836
3576
5237
5948
7702
4749
3055
1516
5466
5306
6863
2123
4631
4428
7556
3678
6889
7022
8043
7762
7939
4988
5126
8736
5193
1305
2311
8940
769
6397
9326
4592
7125
3613
2053
827
9486
3021
4850
3906
1637
1628
1595
4922
8055
402
3446
947
201
1488
3316
6267
4665
2420
4930
4978
697
7629
1596
4129
7285
4306
4227
4517
3803
3327
5330
6304
8281
8783
2835
6066
8683
3165
8913
9317
820
4371
8716
7970
665
6428
2844
6456
7490
5178
5496
789
1173
8804
8325
3866
2984
5279
369
9885
3078
4043
5328
6487
4339
6699
1284
1599
7596
7478
9345
7441
5068
5871
1887
4961
648
21
9179
9594
6885
3013
8487
8431
2836
4963
5096
1545
7307
8564
8105
5953
8400
7154
1796
669
6872
8332
661
9689
9593
5553
3062
7562
4668
5784
6820
2562
2968
7885
7482
8191
7060
4086
1573
5684
593
480
3813
9675
1235
5907
2498
8545
1267
4114
626
4814
1708
8358
7230
1306
75
9087
447
8079
3551
3137
6203
9235
6677
3247
7852
5388
6169
7538
6511
9955
5632
1553
5678
5763
7438
9431
2735
2951
9630
9255
8038
4524
7350
2869
3752
2563
1707
2066
5539
3805
1955
489
5102
1736
672
3068
6018
931
779
4675
4072
9984
6426
2180
6273
9192
855
1624
58
8939
7105
2036
6182
937
4104
6063
3265
6617
2181
4997
4076
8467
7624
7035
8671
4223
4609
2913
3410
2327
3179
7383
2025
6078
7411
1438
8418
1816
9219
9755
7127
6437
9806
9012
557
3768
1600
9061
3460
718
470
1304
7142
7462
2780
8263
1827
1074
811
3793
7609
9422
9430
2279
4848
297
915
3767
8900
7240
3747
5069
2768
2791
1899
6914
9391
32
7283
2729
4062
8761
4575
8975
7540
5897
3750
1633
2402
2603
2967
5804
1108
4362
2804
1630
224
8289
6386
9573
3860
1070
1031
8157
7008
5394
4160
5646
9716
5384
8738
4781
5406
1580
9085
2990
6633
8195
9620
3604
3157
3299
7446
5128
5355
368
2858
4822
1347
1647
5793
634
7072
4794
6995
5900
18
4869
6684
1180
9485
7668
2081
4897
3358
8181
7428
2964
5407
3971
3573
8572
6663
9457
9403
6969
8854
6674
5827
7749
7942
8522
1654
3353
4394
4570
3794
1766
4561
5802
6462
2132
5980
8459
8274
3677
1090
5976
5670
3547
6415
7260
3341
2594
9051
9397
4343
60
5453
5188
5628
6639
2438
9934
8992
6993
8316
8433
3208
4503
483
3320
5481
6261
5404
5412
4590
9710
5291
8139
4939
804
2178
1777
5097
6923
1462
6963
8327
8694
1121
1269
3937
1212
3228
7111
2518
9280
3797
2428
651
7686
1213
5898
6778
5255
7530
7929
5322
3947
8652
4315
8378
8547
8628
327
7766
5460
1598
3871
2980
5939
1439
3704
8760
5668
3777
8574
7821
630
2904
11
4700
5421
1615
5560
401
9536
9249
2700
9723
3537
170
4752
3808
9090
9331
7951
8475
7270
6453
1069
2629
2584
750
8183
496
6337
3540
2742
8500
9711
1784
9974
8159
3422
2767
77
9238
3196
8057
4772
238
1020
3607
3897
5236
3974
4328
5937
9137
1131
5565
8703
9032
4289
1485
554
3696
1968
3575
3951
1918
1114
2995
2090
7579
5861
7521
2652
5521
4872
1843
6901
2119
370
8134
645
8449
8215
1957
1417
3976
9543
7969
4501
5742
263
9586
4916
8335
5214
3832
7552
996
6938
6201
8585
4058
3650
1279
3929
775
4669
1263
5004
742
2315
294
3147
1973
6349
8521
8598
3908
9103
8420
9049
5037
6148
2020
90
1994
227
3027
556
5973
9205
677
3873
8565
1118
6345
8156
3303
3388
4936
209
2769
5731
9759
7174
9362
3408
7130
2200
1424
172
71
9957
5722
6486
613
2569
1076
6085
5642
6024
2554
8971
3201
2882
5417
1808
3400
6649
2880
6225
2500
1000
7940
1361
5611
3020
5920
7864
5398
3732
8509
45
390
8119
671
6745
6249
5672
1518
7518
4476
2382
52
9107
5635
6055
3433
2447
9767
4735
3349
8340
2862
6106
6895
6713
1443
9035
2267
9302
8648
6454
9963
8850
3360
8448
5030
7896
2893
7971
2840
1246
4445
616
6344
8066
6753
4910
1124
9252
7899
4878
160
5183
681
5497
7282
212
2919
2654
9927
9553
8032
7587
5950
5701
7955
3240
897
8533
6896
6081
9713
9509
266
9780
9483
2565
5534
5136
1700
9028
2425
2231
2945
9854
731
2917
2328
951
6139
4442
2341
6848
5917
8893
2419
2056
3771
6245
6519
4733
1951
167
5877
6236
9277
9804
4929
4898
3191
9907
5123
5506
9852
4141
6525
5972
1692
3963
2802
392
4980
4378
6123
5595
2784
7944
5290
3578
1053
5012
1283
4684
218
8268
8319
2448
1730
440
4066
9523
8612
5737
7851
4225
8014
1865
4050
6654
981
3509
3412
8037
4708
9439
9592
7907
4377
3910
438
4578
536
4437
9863
6742
8608
2394
1229
6545
7739
6705
468
7106
5615
6292
7872
1732
8924
8214
2776
7359
7351
2350
4233
7407
5902
9598
5203
5184
2898
123
3823
8710
4355
7328
4255
5781
571
6195
5098
4893
5353
6255
1413
4715
5819
9385
5059
4976
8224
5873
4017
5845
5151
5265
4960
7329
6814
9401
5919
7194
1562
2015
8471
316
1954
8330
47
1716
3708
98
5314
5366
8213
5063
6288
4398
853
6137
4157
6315
344
2194
7973
6243
5571
3350
1986
3784
7232
7777
8428
1731
1959
1250
6671
3595
1890
6551
7825
1499
4468
9901
5880
1432
5638
4953
5169
333
5046
4828
1426
8952
5447
7171
4110
37
9794
4598
7690
3846
408
560
2597
740
1471
5916
5088
8511
3171
9335
2399
2074
5005
1170
5657
8314
9258
7385
6483
6317
3999
570
4491
9492
7401
9141
1653
7013
7546
7731
1734
8956
986
6616
4950
3453
8910
4297
6835
6527
737
3569
199
4892
7353
2710
7843
7570
1039
2556
161
7039
4278
5295
8680
8247
4314
7048
5124
3934
5292
9731
1646
3441
9169
6839
4267
2064
859
9730
4101
5399
3124
2096
7244
4393
8640
4941
774
8173
7869
5685
4799
8109
1724
9478
9625
8125
2091
9943
4711
2695
8599
1993
7246
1191
6912
2936
4458
757
4876
9055
4303
7903
3270
9241
7834
7559
5978
253
8818
1164
5537
638
9674
5106
9848
4738
3653
5135
8525
2413
2039
337
7975
7901
5308
275
5550
3288
1384
8216
7510
2368
4382
6152
9904
3614
5862
5680
4169
543
7296
7375
6476
9668
84
5072
1360
4462
3034
5488
5350
7107
9084
1110
2130
6615
6443
2561
8015
1913
2171
6696
8118
5455
5359
6845
3050
3856
9682
8568
7676
9962
6861
4824
9369
1643
928
2289
8876
8302
2656
7607
4082
4292
7543
7601
9460
6578
7923
8022
2008
412
5372
2387
9161
3494
9210
5729
5831
8365
2757
345
2345
9729
6390
5285
1571
7980
3978
5181
4070
2292
3759
3931
63
4154
7769
7188
9802
8128
9853
5316
8586
2375
8416
8518
177
332
6217
5727
6074
8045
1385
7155
9702
6199
4559
5425
4016
8543
8670
6666
5696
8267
4163
2331
2851
8517
9775
1703
70
6458
4589
6435
7670
9585
3597
1201
598
7056
9878
8501
6992
1098
396
7740
6218
7014
6023
9319
3995
640
6518
8560
9013
5189
7361
7235
9379
3826
8506
2670
1941
1754
8544
8126
4643
3109
5963
8969
6093
8842
4580
8627
486
2817
501
9840
9027
4477
3382
8265
185
3478
7288
3623
9336
4341
9816
6027
7168
9830
6522
3815
9097
701
5225
6494
4236
1394
8386
2816
1472
116
2299
9131
9709
6208
240
3981
9358
99
749
245
3444
3863
4224
8807
2775
5332
798
7135
4705
4679
2263
7001
3105
2188
8986
1975
9291
8477
1559
6880
3131
3928
1988
5241
5226
7073
4712
1333
7741
6716
7085
6247
1094
7837
4085
2073
5239
5528
9942
658
5450
5822
1677
2593
2546
6539
1775
7833
2646
6762
8962
3851
433
8931
2280
3603
715
7267
8284
1539
9339
4725
5724
2270
6767
8538
2158
3395
3159
4829
2786
6289
1483
4986
7782
3015
7042
6467
9117
4913
4789
5167
8889
5971
3827
9004
2607
5952
8427
3776
8999
9392
4400
764
4537
650
1625
972
3136
3033
1174
2655
8410
3500
3202
6353
3818
6866
2754
1698
108
5695
5040
9758
3787
9177
778
1302
4797
5894
3199
510
3582
7098
5949
2072
8029
64
7498
1967
3852
9217
8277
5580
4385
3258
2502
1146
7051
2362
2343
1022
5451
7141
7784
6241
4336
3722
7122
4909
9173
7055
5333
3364
4144
9631
5905
5669
481
3212
476
5813
6980
4357
6381
6348
9458
2813
8621
5022
3664
3419
868
9147
2792
31
8698
1456
8617
7030
3322
2458
2651
7790
3849
6874
850
2213
9063
5641
9797
678
7855
7811
1727
1314
8935
660
2325
2106
4405
9070
3565
2022
2187
1639
6850
5848
7583
9065
2587
8225
9116
1502
5
9776
9273
3763
4038
8874
6294
6813
1601
4880
6459
7978
3285
888
4587
2059
6254
1425
982
9284
1376
2383
7644
4269
3713
1801
5448
7575
7357
4389
4243
9637
3684
584
7342
8966
8491
6973
8372
3054
1080
5612
3439
4019
7544
4272
6565
9166
8169
4045
3761
165
1232
3214
8860
568
4612
7145
6220
2551
4585
3876
4217
4902
2523
5786
3413
1558
2507
4651
4469
2118
8734
4244
2006
1759
1397
7228
5354
761
4240
8462
8855
2004
8008
797
2929
1965
1819
5989
6335
1272
612
4444
4177
3260
2517
6269
4262
5599
1057
6752
9639
2723
7094
4319
2697
6087
4176
7990
14
4285
5058
4472
8251
3019
2994
9168
5294
8844
115
1802
2705
2986
9549
1089
7012
6193
4776
8222
9237
4354
2306
7456
7434
5405
9465
4298
8123
3283
6907
2605
4894
4242
4167
1343
9244
6906
7368
3998
9295
2233
5249
5075
1725
4815
3030
2778
2268
2099
6130
4282
4861
4198
50
1535
3145
26
4054
3710
7203
5133
7895
7826
6902
8856
7268
9442
6431
5603
6198
787
8248
4919
8789
1092
4473
2373
2378
3167
4250
7364
9917
1085
5733
4081
4155
6492
7554
2065
4360
5674
1337
5129
3237
5054
7004
8337
6823
1043
301
5749
1364
1822
1194
6104
2928
5954
3898
1034
6610
8507
8502
9432
4455
2579
7988
6161
9856
1339
2207
2455
6643
8389
4737
2881
3663
8024
9259
9786
9638
9558
9582
3667
5999
9557
1286
86
9578
5286
4021
3455
4402
8699
8184
355
2501
346
3277
7502
5240
5706
6155
6600
1377
3231
500
9604
5026
4149
8234
3252
7211
8030
6637
6472
8603
7768
3244
2753
7892
7177
9993
9328
4858
9760
85
1622
3417
8580
3889
4300
6978
6500
830
852
4170
7033
4128
2456
1241
6763
7147
9821
2939
1710
2558
388
4875
8819
6743
668
1123
9749
5710
1133
699
6921
1358
3900
6552
9271
3641
6082
3281
3632
1079
9094
7322
6961
286
2709
7569
8059
2842
7555
4412
7189
4901
8813
2658
473
2821
7900
1676
9105
3933
9086
3882
4435
4376
6707
594
2323
8724
5531
9318
5052
3286
8336
5206
3992
9972
1128
6882
6346
2493
2398
7585
4208
9053
3617
5251
3081
6998
7199
5227
8551
3541
5561
136
6962
8829
5661
3450
3531
4088
2320
1604
9017
4713
7132
7529
1296
5765
7398
5243
6080
5671
4000
3192
5413
5197
7185
2529
7537
3785
5172
8601
7261
6737
8828
4465
258
4660
9140
4506
6367
7679
1874
8438
9677
2220
338
9635
9866
4001
2197
9801
2238
7976
4479
6836
8945
1077
2336
7347
7799
7378
6438
2509
422
5930
8082
9120
7496
5491
9725
4764
8630
194
6854
6111
6746
6735
9883
6667
5777
2824
4747
9364
7082
7591
5648
9815
4593
5348
1742
4096
5318
7345
1350
5468
4388
3175
5833
4489
9421
4153
2632
6013
6279
3219
8298
6271
5281
4956
7845
2849
179
3457
4345
1685
1162
2933
274
2480
4231
5856
8050
3647
9296
1793
6076
9163
9570
7748
2718
1662
5893
4624
1889
9261
7887
6312
8363
3795
7255
2228
5942
3619
9222
3351
2601
5108
9321
9075
708
3741
5162
6690
1151
4018
5770
670
3524
7487
5029
9407
3254
7795
8158
4516
6999
222
6792
8425
4150
2296
4209
6710
1276
2909
9835
5645
6432
6827
3943
2777
9341
9518
8255
5775
5051
9466
4457
5221
6801
1741
9896
341
653
7343
3942
3892
7120
2288
3386
2752
871
4670
4603
6754
3836
8748
9681
372
1532
6007
3132
6186
3525
8655
9791
6434
1097
5077
3197
4391
3685
6090
7032
6574
6796
3166
8638
3429
3343
399
7152
4415
4842
9838
6075
711
8983
673
3728
4526
6931
1059
7796
1227
2070
5326
6238
62
7508
2761
351
2017
8075
3753
9624
7883
2922
663
8664
1847
3737
9283
5809
7301
4690
5851
2023
6260
9588
4562
6175
10000
6471
5349
9645
4507
1167
1078
9809
4005
4886
5718
3415
8394
7788
5502
6224
7204
3925
461
6697
5329
386
8238
4639
24
9428
544
8688
7045
7707
8929
929
6001
3788
7126
9356
647
1494
3729
3346
190
9908
229
9471
3505
5601
5367
3511
7236
8069
304
3370
5530
8292
8016
2437
9596
3789
3616
6559
2462
5493
4513
8839
2086
4087
6028
5307
2136
4864
4759
3692
9376
1560
7306
9190
9978
717
7876
6425
3216
3909
5141
1857
2131
8894
7064
2744
2432
9349
8127
4453
3530
7075
8084
374
4538
6506
3695
5297
2576
178
2430
9800
2872
6830
4718
8899
7061
9304
9607
7308
8039
5144
7037
9136
3392
1949
6560
3821
8943
7026
8954
6724
8188
8589
8364
4823
719
7435
7149
1428
7311
321
2363
9434
8776
1489
1063
6881
7186
3686
8162
1711
878
8770
8996
6010
5799
1111
56
5415
5130
6154
5086
365
9653
9416
4337
1839
3146
8114
9818
3989
3673
9664
6698
429
1864
202
6937
348
4806
5795
357
6681
9014
7281
6442
5358
7619
7865
7693
2060
8768
8299
5089
6562
3819
6389
8591
2261
3060
4973
9661
4040
4032
2608
2031
7818
6133
7905
5336
4795
3659
9211
8250
6296
8180
228
6528
9285
6424
4760
4826
656
2681
78
1357
1755
8489
8737
7828
3656
9923
4753
1812
7752
2799
8490
4528
8065
3321
6619
1290
4827
5616
5511
6113
2832
3635
8387
1950
4765
5598
5023
1506
4200
4545
8473
1845
8810
861
5495
4311
9861
3432
6774
9382
5944
166
7830
6009
2465
1551
6530
1312
3548
6383
8288
526
3246
1256
2445
1894
6748
7108
7960
8414
2520
1570
2867
320
1790
2617
4802
4211
5957
3831
2567
6676
1044
8497
5338
6216
1414
984
4934
2885
5667
471
3553
7666
4441
1896
5518
5965
2863
8401
5573
13
9995
8305
2203
3926
8101
5850
272
3344
416
7354
2772
1841
3123
3409
9508
6591
1851
8965
8452
1236
9060
8882
9451
2062
5728
3405
882
3071
7164
3239
8478
8170
3449
6651
6983
7314
6846
5114
8550
8848
7695
5158
4293
1478
3266
8908
684
7333
8775
3268
6891
6433
2671
784
6183
9754
7121
102
5764
7041
8950
9973
2511
1636
4044
9020
8794
6099
405
6794
3714
2240
3338
1321
5414
2624
1403
777
4033
5590
8343
2770
8349
6580
2273
2906
7634
2230
6535
5363
5774
5273
1450
9827
6332
9278
9871
965
221
4972
9999
5817
6491
9950
466
1591
4533
4530
7049
9303
2135
6475
391
3064
2889
4487
8049
4586
1752
3577
394
4291
3880
5896
7416
3506
7534
8718
3783
5773
7514
9887
8571
5714
2313
7465
801
3198
4074
3150
5382
7831
9206
7313
8326
7083
8177
5041
2748
4849
9902
8934
2164
7445
530
7655
9338
8456
5947
1149
5500
5164
2755
7245
6427
5048
6213
30
8317
8253
6370
1346
9960
5238
9148
4232
9514
5647
3676
725
4349
4077
8241
8901
8830
9409
487
691
2346
7736
7667
7908
187
1512
4787
4186
4164
7421
2257
5570
1395
9243
3039
7425
3127
5879
6572
4793
1644
9154
4041
2124
5960
1381
6400
2298
5927
5962
8527
7500
4833
1946
9858
839
9761
8455
4411
9212
603
9656
772
9010
5219
8085
7071
3390
3365
9886
9513
7842
5263
6984
2351
5245
80
7219
7207
2153
9438
7491
8973
8764
9225
1058
4174
8947
2644
6227
6143
9579
8623
3544
2921
2390
46
1238
3924
9473
1388
9415
3301
9286
8398
4857
5583
8494
7393
7068
6834
5812
1258
9828
2581
537
3721
2388
9350
6310
5321
5606
6772
2163
7604
204
2337
3135
923
8283
7284
6399
5567
821
2684
8323
7623
7159
5744
6729
3972
2082
5993
2040
6302
7541
6036
366
7794
4138
2834
8237
9080
2876
4891
428
267
2452
2115
7040
7410
3241
1186
9124
9047
2077
1972
6655
3583
2404
8696
7630
876
8600
6818
4390
3557
9913
9500
248
1009
894
9151
7069
9269
7099
4347
2150
2559
4610
5997
9456
5032
3572
8199
1259
4133
9954
2232
4890
4348
985
702
7884
4511
1990
7449
6392
5272
8331
400
9245
8064
8220
1054
469
5309
7698
1247
3749
4042
9808
3507
8837
1493
4284
2935
324
8834
768
8779
4399
695
2643
8391
696
6695
7273
8404
815
6630
1737
7206
5010
9218
4466
5886
9743
6825
5792
4201
7913
431
8360
6877
3182
7469
5753
3600
8871
3727
3368
3134
7006
73
1444
8864
8684
2216
1715
5507
3178
7953
4816
5700
7254
363
1849
317
9411
2206
2191
3477
5557
4248
3292
8645
4221
1344
6641
4135
4989
7220
6219
6532
1027
8763
4004
8441
250
7859
6108
6924
1218
5155
230
3660
5933
7371
4459
6259
2078
1519
5210
1919
5698
9429
9424
8515
6274
3649
1379
8659
3567
3194
6894
4599
6280
2433
2212
162
9899
7992
2530
2819
6567
2537
9046
6429
1309
8392
1723
1331
1665
8200
6124
300
6495
7348
7373
5377
8919
3048
3590
8805
8653
5099
1697
2014
9542
2083
4073
1800
7952
7889
1856
2615
8654
9412
2335
4634
3093
8197
5397
3811
734
5858
1175
1619
9727
4287
9440
6221
7632
7367
4420
8769
1348
9289
707
4030
7611
3262
9613
4807
9282
9795
7827
6683
8726
3225
460
2711
7222
1940
776
8399
8371
9707
57
1405
3475
4844
9632
8516
7985
8907
6146
823
2572
6363
7512
3168
9599
6228
9435
3153
721
6784
285
5134
9068
1765
7392
9194
147
4557
6300
1184
9956
2184
6613
7983
4571
5476
6985
8406
4944
3973
9082
6470
4935
2878
2113
9948
5473
9406
2599
4600
8282
7479
6256
4817
8036
2510
618
5254
9299
2000
6783
5514
7817
2170
8026
6003
8435
9976
7384
9325
5726
7810
5508
7816
4012
5572
3717
4197
4773
4065
4406
1640
5992
7605
2305
7664
9987
305
7319
8690
7443
2057
5116
9298
2672
7603
4210
5345
1556
6721
2924
5472
580
9715
6837
2377
2550
791
9050
7494
9267
7802
2326
6181
2338
8171
5676
1824
5872
2966
2764
6656
3211
9022
7626
3842
8318
309
6771
3226
5693
9678
4762
914
8579
8888
5554
146
4447
8731
9880
5501
1916
4090
4720
5762
5274
4056
339
5006
3264
7966
4460
5034
6089
1706
2254
3877
7460
6819
5419
2958
883
6556
7662
323
9882
8067
591
7192
4810
2195
7379
3304
256
641
3257
8780
1671
3839
4627
7659
2883
2087
8481
1837
7805
6939
7118
4383
9939
68
3080
5379
9888
6079
3835
1082
2702
3810
685
8674
9164
6782
2515
4520
6873
1192
6214
9322
6800
5107
5244
4739
6769
7316
7464
5704
8249
1904
2112
885
1687
2514
273
6211
9766
1563
674
1794
1605
2920
128
6126
7997
2548
682
4881
5061
9836
9501
4968
4744
514
7642
2223
5331
9425
2521
6523
910
4187
6711
9977
3371
1620
4230
7264
9366
6761
5386
5526
2209
879
2154
561
4605
4813
5593
8167
1699
4730
7091
7224
5283
7063
1389
5517
6102
340
2825
4059
4193
6593
5287
5747
6733
282
6626
5532
8443
7977
4582
800
9033
409
9253
8293
8295
3706
3083
9395
2109
2972
1204
6970
1943
9722
1073
1587
174
8009
4203
9898
3765
231
3691
2285
2048
6318
5015
8198
3723
5149
9327
1064
6262
5687
3289
2218
592
5082
2535
4322
2531
5752
3143
5335
7287
2627
1594
5374
2235
6316
453
7599
2084
9100
4290
7173
6812
9196
42
4470
8767
1051
8172
891
9762
3806
6038
1006
5217
739
4346
5991
2348
2582
9045
1569
6703
3636
2052
3485
549
5839
5440
7492
4775
8103
1880
1084
838
7565
9919
6533
6328
3529
694
4531
6503
7124
2208
7205
6468
6602
6596
5230
4904
6029
7453
1933
6164
181
5033
5150
3890
5699
6514
5789
377
2747
1129
8412
38
7034
2309
5198
7936
9857
5987
583
5901
2564
2719
4774
1373
9719
5090
9757
1618
1172
5988
3675
3824
492
966
3627
1817
9074
2600
4097
2887
3164
1910
8296
2464
9576
9756
7934
9555
1974
8058
2944
1105
2312
5262
7567
2246
8917
1147
6341
3639
8689
9870
126
8676
5280
9174
3250
2193
3053
6285
619
8892
6098
210
477
7588
3802
2058
3040
5131
2237
8402
8930
4710
4270
2250
6008
5797
1122
7801
6047
9892
6311
3072
8203
6053
6982
2002
5438
4338
195
235
8278
8906
1813
6119
7694
4369
2205
129
3280
1926
2927
6022
4780
8944
8657
4408
7948
746
9410
1572
2701
4999
9130
8998
1018
3662
5702
8027
7638
2474
3163
8824
6693
6094
2269
3454
1033
8909
3
8587
8246
1877
9464
4688
5494
3394
9627
5432
7358
352
2553
106
183
7309
434
6329
4932
7018
880
1623
4075
8801
2105
9916
930
1195
4498
2952
3888
5152
3990
6988
5056
8152
4912
7325
8557
5408
4613
5370
7167
4938
1549
8285
7628
9011
5926
6179
5941
8040
4595
5808
3534
4440
4386
1748
8464
4630
7687
7480
8786
9521
8526
3979
6958
5821
1743
9003
1542
3977
4818
410
3955
4782
6141
1469
7723
2604
3297
2696
7968
9529
3988
1007
6327
8051
7432
5582
1189
3459
9922
7442
472
3130
8537
1575
4692
104
7497
9560
3962
7227
3887
3426
6799
7200
8576
5442
5689
2758
6555
3916
3628
6465
237
414
206
5854
6374
92
3907
6339
528
3261
3223
5411
8753
7043
679
4276
7116
7916
5435
5683
1638
9496
8835
2472
3218
2513
8739
1188
16
4497
8567
3568
9764
1298
1067
1751
279
2484
7420
5621
4122
9551
6860
9024
1104
2319
7448
4456
291
5431
9931
6869
578
7190
6824
5818
9095
4726
6131
1442
3772
3606
8633
6410
1948
8820
3605
5042
9925
3778
7743
2532
3800
8417
5730
2843
735
119
8781
8485
5538
1835
5196
7932
2749
6497
2915
2541
8821
2998
7143
7637
9102
5190
1010
1566
2450
529
2249
281
3334
9419
1855
8905
963
4137
4327
2161
9831
3790
5430
863
541
5246
907
4633
7902
6171
8620
4615
7341
6609
6740
155
968
1412
3519
5482
1383
4310
6402
6732
3518
69
2225
3499
8264
7089
3786
7564
949
4425
9309
8411
3651
3952
1380
443
7602
8531
8656
322
956
9215
2468
6604
5385
7256
1295
1681
1691
2989
1607
2892
5594
1410
3129
7077
7763
8725
1467
4678
4403
8981
9659
8056
6479
2504
2683
1125
3357
7070
8634
2993
7991
4952
4013
7692
8190
1853
9982
5301
5790
5622
1325
875
6788
6197
978
1062
3812
6054
574
7704
5159
8528
9459
2114
7735
299
6692
6712
5834
41
418
8210
9697
5649
1944
9257
552
1014
1220
5064
5352
3310
2725
913
7549
6068
7612
6313
4788
5870
7162
7844
270
8185
5592
2454
5895
6343
4882
9207
9313
2414
7315
4395
3966
1945
8809
7021
420
1178
328
5231
5235
5829
2942
2353
1610
2
9230
4838
2361
247
844
1763
8129
4905
20
6375
9279
1541
3521
9612
2899
7084
7117
6564
8597
9165
6548
3538
8297
512
2369
8454
4130
2316
2808
7610
4717
1132
9695
803
1659
5740
9545
6611
9305
773
4843
2308
8196
7706
7310
987
156
6928
8439
5652
840
5000
4908
7677
7331
8832
8208
6322
1514
8227
7773
3593
3486
3848
2429
5837
3026
962
1470
2891
8552
205
9152
5824
1749
6092
5863
7519
2367
1810
1406
884
4363
5327
6088
2890
6612
2622
1574
9332
5924
4140
5173
1160
2865
7332
5234
5591
6
4543
3195
8444
6401
494
9260
7532
9879
4667
1510
6004
8735
2138
8985
4249
7290
9447
5258
5838
1061
589
7467
5975
6042
7770
2085
74
2098
1479
9507
2410
5754
184
2037
5117
7062
1480
6149
6577
9408
4568
5823
6715
1316
6636
7266
6571
9971
8135
3515
7355
7957
8817
6501
9502
5884
8053
9768
1454
9726
3275
1103
3259
9679
8774
3709
6293
7774
4416
6408
5400
103
3602
3187
8524
5049
912
6398
6212
3113
1332
2847
4334
9504
2470
7066
2699
9739
9357
6190
5741
3158
666
6144
4991
6051
8581
2253
657
7451
3128
9402
5778
6116
9660
7848
5180
5525
2236
7223
7946
3935
4928
1400
4584
8499
3610
3238
4553
1721
1464
5315
3558
1490
5199
6140
2970
6972
168
8863
3125
4865
2494
5479
4401
5018
8960
7708
6485
1041
8865
8112
4819
4607
5766
3501
5204
8290
5426
3555
6026
3139
1672
8279
8482
3267
8610
3051
2027
6682
6831
4304
842
5478
9872
927
8540
2013
132
5844
5423
65
6718
3769
6275
8023
3682
4796
1155
3503
1352
6005
6689
8245
3456
6594
8793
8686
7759
3857
1661
2144
1568
2539
760
8175
7419
6222
2165
874
6642
7417
8994
3550
4172
2151
464
1370
8741
6223
1758
716
3559
7233
1525
1372
1831
8496
9832
5298
5605
857
932
1200
4601
8649
9197
4756
1987
4098
8166
3699
373
3424
8665
7330
4123
4927
4785
3205
3471
6756
9773
633
7506
7395
5127
8232
4188
8955
4299
2731
283
9658
596
3756
2469
6940
9850
7376
5864
8020
8262
5618
7800
4429
353
6096
5875
2300
9482
6581
6576
8352
7568
6701
2639
2982
6372
1745
2332
7424
208
4549
4854
1266
6411
1182
7437
3637
6206
6356
1769
9862
4504
4597
4947
5427
5323
8904
8192
9534
4514
2830
7641
5711
6396
751
8991
6493
7775
3862
9728
4025
5050
4305
5996
7734
5625
4508
8430
6956
7444
9384
2570
1119
7738
8149
7608
6537
5434
8303
6888
5296
7002
540
1701
7943
2839
5268
8595
10
3140
8013
6239
4474
9006
4023
1452
6016
6842
9365
5474
991
865
9941
7340
4454
4312
2595
3010
4677
9940
6950
1449
7356
9468
4475
3584
3956
7920
157
9966
9811
3939
2069
1577
2291
6371
3470
9671
3193
2960
7732
9571
2661
7471
3331
6832
7539
9195
7563
4219
2667
4280
8858
9738
1592
563
9938
8625
4564
6512
2026
314
3016
1435
2759
1261
1799
7846
664
870
6583
8176
4375
4220
8751
8766
7454
2344
4190
4979
766
9564
4421
9532
6071
3631
9066
3645
2189
8519
523
6526
6857
3402
3633
5147
7681
3829
3116
3041
2908
2894
8160
8351
4026
6321
4724
7622
600
2224
4970
7320
7509
3077
6451
6680
152
2443
8450
9388
9404
799
8963
6307
8240
4099
3484
7829
7580
7104
1459
425
8457
8421
6727
1821
3522
3920
1340
6286
7710
599
2322
4614
7582
427
8096
444
9823
6357
2734
3044
8309
1240
3622
8142
226
3314
2202
6358
2001
2152
4380
7578
4830
9121
2366
9544
7804
2659
3278
946
9746
1922
5585
8338
945
8510
6112
9834
215
6393
2384
5918
8925
3773
9970
7836
5191
9262
7772
3961
4535
6808
8193
311
4552
1113
744
7744
5233
577
4790
7093
1905
3355
5212
5545
1368
995
8233
8146
6736
6391
3859
6440
5277
9784
4959
1884
1540
6276
296
3564
1181
8357
4885
7633
8313
4340
153
1434
8803
1300
3215
6691
5721
2089
6253
999
7476
6900
1308
1176
893
1324
6132
5055
4596
2019
8116
8592
430
9083
6127
1045
3282
8164
7414
7182
8958
9441
6673
6333
6122
5109
7046
9622
5892
7910
6757
909
3047
7984
6354
700
3361
3434
771
7727
3099
4566
9700
3311
2168
6951
3348
6188
2573
7472
1809
1365
6558
8629
6464
7501
4685
4253
8982
2049
4102
847
1392
6174
7639
5017
1788
7404
7894
5755
9533
3235
6590
4083
9106
4728
837
9157
1934
4049
5600
5071
9920
2868
7406
7725
3982
8558
2460
4550
2686
280
8186
7871
3899
7861
4835
2304
3599
5395
5552
1198
8377
8271
3774
5185
5750
4551
1391
7880
1980
249
6128
9670
8276
4698
2714
553
3420
9334
2199
6366
9842
8321
5044
120
7994
7806
8902
6614
6233
8486
7545
8231
4694
7339
169
2381
4931
4680
6884
9969
2461
5483
5986
8959
9752
8869
3668
1774
175
538
9420
4686
1645
1963
6364
7987
705
2800
2491
3045
4246
9988
9528
6257
7447
3079
8512
6097
9144
7024
7495
9294
7113
6806
395
539
7839
2116
3173
6490
8827
9926
3221
5375
3442
437
9924
6805
969
8953
3383
6965
8870
9636
7074
7680
5725
5759
2954
113
3106
1019
6833
2047
7156
3643
5218
4156
1860
7400
3428
2372
1804
6817
1143
1726
7280
3689
5968
8573
9290
6849
7016
376
5317
5984
5903
7336
1401
3284
5232
1012
6871
1641
550
867
939
2846
176
459
503
4022
2440
5536
4329
5690
3367
7011
2457
2788
6210
8979
4109
6807
3473
8616
8714
5836
1873
2660
9704
9732
7548
7669
3469
4748
7751
5846
8946
9156
5945
6899
8252
826
8074
3736
7335
2547
9160
5437
1353
8094
1140
1895
3554
2751
623
8117
8976
4247
8465
8397
8879
4656
1216
2364
1521
8187
7241
3611
8957
2653
2914
7557
6618
8988
4964
2612
1811
9864
2110
6178
2815
517
3853
8419
7318
3451
5192
5078
2159
3816
9036
3206
261
3464
7292
1966
9135
3329
6542
4750
1287
9265
1517
7856
8034
4191
1999
1852
7214
6960
1396
9807
2129
9566
2418
7771
5175
2712
2476
6967
6968
6598
8961
895
1233
9323
5043
2637
9146
3162
4374
4867
5931
5110
7553
1208
7930
9247
3560
4261
6802
3516
2568
9819
499
3481
1892
8148
1065
1409
419
7169
8799
198
76
4859
8219
3626
7440
8007
6048
8307
5865
7202
9629
3914
7586
330
3980
7134
9398
312
5487
1893
2241
6359
7088
4702
4853
7812
5745
8209
53
9965
8261
4142
6786
534
3108
3300
5003
6803
6331
3770
851
4954
8744
7760
6892
5200
9718
6301
2360
4801
6334
4120
8797
2674
754
6244
5182
7779
1962
6248
8570
456
3609
9232
9297
957
7123
7999
2649
2930
5990
6502
8812
9311
1978
3017
8312
9686
8555
4063
8672
1482
8348
3339
7161
8370
3508
5132
3868
2483
8878
9180
722
531
4851
1921
4874
6570
2623
1209
6549
9881
8440
8914
1336
8178
3608
9019
3743
6362
864
2046
12
6480
5776
8355
1274
4862
2812
8260
5269
8765
8691
6052
941
8131
7786
6670
8563
3638
1825
8396
5103
3397
1781
2857
6841
4751
9333
4480
4509
5205
7252
7210
8480
9089
4693
9753
7533
5558
5936
2342
95
6945
4888
9914
5843
8773
2386
5666
2978
7729
2277
1508
8217
7129
4127
1923
8383
4052
2602
7780
3634
497
755
7196
457
808
609
3008
5410
7963
812
1533
788
1329
6779
1756
8334
4212
4397
277
1398
4719
8033
1858
3273
8415
5505
5955
4147
4845
4811
6446
6496
1068
9057
1938
3996
7238
2242
7291
9737
736
6989
3986
3586
9672
6777
8678
7321
1903
6909
2527
4027
4238
5319
4895
7761
3950
4166
7809
8745
3104
9512
9380
7701
8673
180
8484
8707
4162
3666
7717
1214
6599
7982
3828
1520
2648
9256
2393
7672
2738
1055
4028
2107
9740
8536
6717
6449
8424
478
4039
6121
2094
817
8291
8964
1003
3865
252
3881
521
8120
2426
7572
5716
139
2999
2965
8063
9900
1504
6569
2996
3023
1602
952
1836
3701
5486
4757
8682
4288
7009
8266
7615
1375
5760
9306
8990
7370
8368
1271
8408
4134
9191
3374
889
2434
4683
2459
5289
9748
1484
8304
8575
1961
5401
1984
2251
7838
7408
747
6517
2797
3427
2823
308
5794
6628
3004
6061
8632
2827
9270
4758
3217
3757
1617
5025
8762
9583
5921
2051
6557
9777
6017
7524
1507
7926
829
9209
2155
5586
738
8201
8987
5242
9062
5001
7922
4743
843
2157
1694
1989
4616
6041
8995
3967
866
5260
6037
7212
35
9782
7867
8800
8498
5420
2793
5304
8881
9946
8376
7053
4179
1476
8385
6489
5176
7866
2028
7225
33
9448
7226
8535
732
4699
8212
1219
3864
5768
1446
1683
1205
3005
9546
9559
8636
7912
5720
1627
9143
4907
2466
8353
2068
4105
8606
8687
7047
3504
7326
4463
2902
7000
2334
1294
9354
1163
9268
2675
9874
6215
3462
7178
8447
2080
4067
3748
6173
9644
232
728
8814
4769
2401
48
5982
6645
9964
9200
7057
3022
7412
3543
1834
2286
5154
4260
9790
4118
8153
3298
1682
8675
3570
1814
1869
1675
2977
6387
1458
5174
44
5439
1985
6412
4523
3669
8071
5796
5925
2640
2650
1158
1193
5161
7458
2524
2076
446
7797
9234
6272
9128
6953
2475
7166
8582
1555
7403
5469
9574
9139
9096
9895
5057
2577
1152
2283
6766
622
6785
5533
2618
6584
6554
1578
8784
856
8136
243
4181
5383
1185
8857
988
5761
9463
8884
8569
3566
4281
9470
413
5429
5575
3088
112
7439
4241
3436
3186
4003
5509
4396
8300
6252
8432
4727
7854
4778
9361
5081
2175
8885
5510
7720
7344
40
7813
5267
6876
5036
4887
1768
4364
9069
7025
3652
3003
3739
1231
8272
1404
5634
1593
9025
1328
3596
3911
905
7950
82
4414
6563
6231
6893
4330
8463
8374
4628
5278
7484
4410
7295
6588
1935
3363
2324
6776
9071
4413
3861
977
9343
5156
6529
8505
1597
4448
5259
9524
628
4295
3546
335
5228
6622
7163
5365
1032
7488
6910
5516
9394
7646
8658
9375
4307
8179
7165
4384
9467
1190
4237
8143
6326
4541
1914
2708
5662
9184
2183
8078
2685
2256
4945
1359
6685
8771
3024
9642
5663
805
3243
3528
9798
756
4107
896
7696
7101
7925
3398
4809
1427
1075
3377
5579
2854
3844
1579
173
9446
522
7195
8286
5801
7213
4779
61
3642
1206
6775
6595
2985
8668
9530
2380
8695
7249
8861
3025
533
7941
5113
2721
4714
7080
8144
2005
689
9113
2870
4604
9274
7606
7870
6550
6258
6323
6373
5815
9851
1299
1165
3533
3435
3255
9021
1473
3380
5209
9324
8635
1115
4791
8436
9799
2948
5574
6791
7595
5179
1323
3690
3490
54
254
188
8239
9997
2415
3271
2128
6706
3817
2104
6447
6268
7243
6150
5512
9445
7396
2505
8311
935
4839
4199
2033
8720
675
8495
3964
6045
6949
3076
1289
3630
2641
9696
458
1255
3674
6826
6172
4641
4966
1805
9745
763
3847
3932
3184
4321
4626
8189
9580
4695
2307
7691
2829
6977
9547
3730
141
3624
2101
4215
1390
8840
7237
6014
2583
8730
9867
3539
9774
3760
3176
3084
436
8460
9119
4279
967
3461
3097
7625
3571
3042
7374
7699
1820
4342
5810
6789
9002
3640
2172
5467
5252
4309
8081
1237
491
4089
9535
6897
5943
7265
9944
4370
8553
4645
4139
2833
714
441
2580
9584
5546
7409
611
4024
7259
7337
4704
4994
9370
1702
3941
4808
7684
4940
3001
6955
6935
1245
4621
87
9186
4471
8548
9845
502
3958
5389
6927
8004
545
1867
9155
6361
5779
4431
6134
506
3875
1705
564
445
2983
7938
1463
4661
9676
9153
1015
4993
2536
4324
3879
2330
8108
1688
7148
6589
1979
7324
1168
4344
2173
462
6508
2859
5024
1527
6306
6284
8329
6744
2911
9498
8344
3000
3366
9312
3207
7949
6804
8798
8604
3491
4206
5882
3514
7436
7390
4434
610
9072
5623
3731
6890
2045
2896
9208
1861
2482
223
6157
7820
809
1362
8042
5194
8984
4673
2811
7360
3957
606
3591
8790
6768
1474
5555
4663
9373
2117
4275
6031
624
9437
2540
4653
8529
8922
7234
7151
8890
904
9162
8446
2120
1251
8822
5208
688
2379
2245
8381
1717
2374
8615
4368
6948
7673
6165
1029
4283
3498
8886
2739
4326
2259
8663
114
5655
2357
7302
1342
5785
6933
824
1466
585
2389
7577
7527
4325
4754
4974
835
4353
1448
7300
7792
976
6997
6379
9000
1096
942
1626
6597
4113
6265
2134
5220
8466
6994
9239
8607
8423
8280
7086
7617
9227
7160
2182
8666
3468
3384
3362
9822
1550
4652
1947
6049
4666
3672
9724
3872
4071
9933
2349
5142
9301
7081
1823
9621
3122
2801
7251
189
7835
505
4313
8052
7746
8546
6419
4681
1883
7054
2196
1901
2794
6947
2688
1418
5492
2831
2860
6816
6932
9228
1744
4161
358
6439
3535
9667
4841
8845
9475
1582
3742
9368
6204
2244
8035
8590
3403
9351
2956
6129
8875
1056
5111
7703
2692
367
9708
9747
1002
7590
7015
3342
5932
5402
6672
9595
4539
3245
7857
9037
4948
819
5011
7671
2861
9983
7276
5717
8542
2850
1909
2545
2417
8706
3011
4132
3841
8359
6324
4924
8333
4676
5313
9264
3592
3953
3359
9233
6100
5985
4092
1036
4525
379
3379
1583
3059
605
1024
7455
5899
1148
6448
8472
2243
7128
9469
9276
1798
1196
3347
3142
9418
2916
7873
938
6291
3249
1531
9606
7415
3679
5908
8968
2732
1228
2302
1998
8230
2925
8644
4701
6444
3445
7327
4674
1407
5787
6120
9905
398
3120
8226
3251
3411
1850
1609
3646
1678
9793
1101
6714
5065
9185
2635
9932
9115
8733
2525
8622
7875
3588
1753
5841
3222
5418
3065
6586
8898
3687
4069
9603
9915
7627
1285
9587
7466
3242
2973
8121
3625
8709
7334
7109
6987
1437
3291
2400
6441
7933
9308
9
1366
5100
4579
8308
6917
5620
6295
406
3482
4080
8012
454
5771
9114
7547
3915
93
3352
7536
9112
4971
1356
5039
4256
5216
1011
9093
6194
8609
2571
9930
8445
8787
4108
2666
9315
8923
8145
806
6478
8469
1217
1606
9633
375
4381
4436
753
726
6553
8811
662
3489
8972
9600
1280
9649
1557
4175
1371
5597
8791
5970
615
8772
9779
7092
2156
2918
3850
5694
3381
9698
4800
8483
3296
8967
4740
8602
7793
264
1159
1971
9538
1886
1475
2837
9906
2621
1977
7660
3476
5485
7247
3437
703
2724
7967
1907
8662
7998
4422
9591
6060
8362
9427
6952
8017
8161
4583
4296
3180
6840
7897
7898
3236
2745
2591
2407
8554
3520
4671
3715
2645
2549
6675
6202
4418
463
7989
5825
8342
6915
792
3337
7753
3758
5811
4565
8997
5504
5094
6056
1166
6781
4915
8757
8373
111
9741
2879
9891
7597
55
8137
513
1515
2222
7613
4502
9519
6759
6521
5541
1888
1969
5548
2959
1453
2211
1746
6020
770
1026
3431
8851
7890
4481
7133
1782
7459
5270
3220
2900
3467
4546
8702
292
5020
3766
7423
1322
8062
404
759
9015
2063
7153
1976
2227
5928
1087
507
2358
4036
9903
5981
79
1492
5958
319
2424
4632
780
6062
7515
2875
1301
7653
8692
1770
4977
1942
6954
6058
3513
4335
1177
7304
944
2310
2495
5121
5798
4649
7387
1134
1613
8806
1538
8920
1915
7714
1996
9092
4540
5444
2234
8019
7911
9076
5343
4091
5409
6520
3598
9736
5104
145
7758
1021
1924
1964
5840
2281
28
6838
5654
3438
8556
2055
9426
7198
2795
6981
8951
9537
450
576
2376
1912
2219
1211
4923
2766
6406
9742
4316
8891
1635
4969
5115
8624
9104
6404
2552
8978
5120
8258
6452
997
4998
6251
5935
214
8124
1649
4914
1712
9352
1017
1050
2620
3781
1048
8808
4755
135
6156
255
1686
5070
4731
1252
5969
7648
4484
6420
5093
4957
8825
8513
2467
6755
3493
1282
6002
5816
6911
1230
7503
3399
2007
2574
4318
5422
9979
5021
2828
1042
3328
3801
6308
4625
3927
8562
1315
2403
8647
6650
3425
1197
342
1690
7
3837
2903
934
4640
1262
5719
3138
8561
3416
9214
5956
2043
9693
5709
8205
313
8826
9520
4461
9692
4029
49
8048
2192
7388
8823
5633
8155
2522
7909
2278
4258
5874
8614
7791
3090
1046
3009
795
9929
3119
6163
7485
2613
3279
9959
841
3287
2855
2783
643
709
6057
6382
3517
1498
8715
2284
1667
9572
7765
8350
9048
9550
1848
8390
415
2690
4115
933
150
990
7067
6416
7433
9616
1650
5462
3170
1818
846
4899
2636
495
7323
9992
9687
4721
644
8072
6488
3670
4409
4770
4903
9480
6025
9363
2664
6606
8322
4900
2912
5966
6603
8204
7635
1234
4637
2126
8712
9159
4485
955
490
148
9781
6544
3495
6484
9889
5207
8150
9123
1509
6232
8315
2463
2252
4116
8711
6319
7594
6660
2773
6039
3155
6770
6246
9602
4266
5515
7090
3954
8852
581
4650
331
5588
1487
244
9275
4768
7750
3448
9849
7531
442
4647
7208
5361
5489
6859
131
479
9026
455
3154
2856
3782
741
8106
343
1576
4803
2274
546
3210
4877
4689
1868
7523
8028
3230
3716
7654
4532
8532
9490
4984
7764
3407
3037
5869
898
7931
3975
7139
1750
6941
4746
2888
315
2258
1052
9510
3115
2820
6270
5867
2297
6283
5080
5830
6855
3181
6160
1871
8005
3878
2741
158
4951
5014
1833
6000
8087
361
2397
6546
1842
9272
220
5630
3838
2141
8076
6138
9817
6297
5248
903
1060
6990
485
7847
1674
5027
6582
1433
3035
2822
8115
8165
7631
7076
7616
2210
3317
5923
3414
4995
8605
6709
4745
4642
5416
5211
9488
8802
5883
6350
8750
8077
4268
8796
8393
7745
4361
7522
7349
828
6903
4825
7528
3697
3014
1153
5889
219
417
5362
8451
1441
2075
8853
3665
5563
5826
7705
2805
2720
8504
4572
3833
4767
4229
6540
1631
7218
2485
8523
4478
3248
3213
9641
8912
5904
9985
587
4527
3867
6287
3683
5732
3930
2698
9042
7558
8098
2992
7618
4706
5929
8841
4646
1440
2740
8194
822
9648
9081
6192
9618
1611
4846
3922
289
4392
9064
8877
6725
7184
5979
7678
1008
6843
4277
3725
8100
4218
9772
6624
4379
371
9040
3378
3096
9554
6380
8641
3094
1900
1958
5524
1806
9193
3308
1028
8697
6930
6944
1102
1838
6505
4417
5261
4611
6103
9178
1917
29
5067
1139
421
6177
4638
7003
3117
9590
8989
9826
2905
6125
6336
1257
9189
8685
19
5091
730
192
569
6266
6101
7726
1047
9454
4180
7391
9657
8021
7179
3133
88
3376
5222
6719
7517
6856
9481
110
1120
1612
9044
3318
6913
7906
8092
5035
257
1100
6534
1664
614
6708
9111
9387
1767
4691
6395
3938
5266
1854
2586
9563
2703
9396
5805
7656
2137
5310
9008
4696
9666
4317
953
5631
8384
6365
858
8921
5551
318
1351
7110
3869
9516
1956
7150
575
2255
2931
4657
3232
9091
7550
2435
5866
8041
9288
4152
4031
5891
2421
2866
171
3746
1652
8104
6460
8492
91
1679
3903
9474
6741
9894
9655
4837
9484
1311
8395
5569
6196
5803
4659
5938
6868
7661
9526
4933
690
680
724
4488
6795
8310
2492
8073
7959
7158
2588
1093
5074
1779
4034
6044
130
5609
5576
2704
4783
7711
2422
9158
9503
4257
5305
9340
8287
133
3658
7239
7279
2543
8618
6158
3948
1936
3144
9567
3141
329
5888
2991
3775
632
9181
9203
4777
1199
6064
1554
3169
4573
6504
196
1791
6012
5703
2679
595
3256
1878
6773
816
7868
3751
936
303
535
8413
9378
8206
1992
2877
7986
5562
6282
6338
5342
259
5783
5229
4061
6547
9825
9699
4171
3496
1523
3726
1334
5334
1327
17
9688
385
7674
2864
3681
6798
3845
2011
1673
8388
8918
2533
4943
9981
2726
2803
9355
3269
2716
307
9138
1
2453
9293
6298
6403
8089
8937
2264
1722
2852
149
1608
5095
9869
6605
7175
9182
1355
9843
6644
2614
6658
1420
8693
646
7879
8742
5381
4493
1242
9614
2294
6797
6513
6107
7576
7317
994
8138
287
7369
2260
9487
2446
2585
629
4438
3313
7363
8549
5568
66
2871
2647
1953
2396
9947
284
2669
8182
5998
9320
1275
381
5441
8639
5484
493
118
7649
2886
7965
4095
2395
298
9605
3621
6040
5016
2282
8054
5860
9628
8559
336
3502
2634
8642
3406
7718
6852
5360
8130
2097
3479
5596
5581
2321
109
5153
423
5299
3629
4245
5060
7823
6648
4664
5951
4635
9951
260
9996
3719
6264
8727
3018
4518
1273
498
6407
2519
6647
5195
7007
9601
921
2339
9337
3734
2943
380
4522
7935
900
3918
9511
7461
9472
1757
4286
627
1789
9281
5168
3895
5878
2416
2611
1320
5767
1657
5713
5743
1826
4159
5503
916
1447
6942
3126
2682
6815
15
9246
3148
163
6030
1431
7036
5959
6166
334
7144
3458
7044
7248
6898
3183
5915
1589
566
6499
7027
4057
1497
8470
8833
727
4195
7566
4581
3086
2665
3912
7176
9479
5137
9662
1920
5461
5847
2217
3949
8584
7468
2093
2946
9346
1771
1882
8903
8677
8369
9462
5007
3118
2975
2451
9125
7974
1330
2174
9221
7754
1468
5692
6760
1684
5637
5780
572
9994
9735
8915
9417
8831
7050
225
3185
6790
7756
7947
6858
107
6661
6250
2041
1764
5160
1866
2146
8091
1183
1733
5547
2179
1016
4949
5712
872
4011
6498
4594
7346
2560
8422
5650
6811
9176
6991
9489
7180
6360
7102
3389
448
6278
3733
8755
2997
1773
2391
3563
2166
2907
9310
958
2787
1239
439
5118
9041
1244
451
7114
4014
2848
9493
9059
6180
8977
2526
3585
1939
4510
943
3764
6592
6793
6787
3043
9640
1265
7119
7140
7209
9911
9575
8681
2534
7059
9515
5852
2272
7078
621
3152
2950
1937
9476
8107
7426
9142
4722
4847
4015
9216
4294
2790
4958
4239
652
8911
2477
7499
6347
4423
9455
9608
5380
9909
3091
3581
9005
3312
6662
362
7747
752
6110
2814
9109
8235
8382
6731
5691
9986
8941
4820
1565
8508
579
1846
9263
5073
1658
3463
1001
3594
7422
2247
9292
7277
3440
1503
1616
7964
3902
9833
5470
3066
733
2497
7146
5480
8747
8218
7526
3324
5459
2102
2441
4588
2809
2663
5707
9611
9975
200
3960
8927
9712
4332
7221
2592
2029
6330
6229
902
1210
6936
4736
2122
6585
5544
5705
8122
9568
1030
3921
1739
3049
9399
1318
2575
3443
5038
8113
6844
6477
9540
4499
3029
5276
3965
5527
940
9110
8759
8667
6632
9691
6184
8493
5977
2884
6669
5247
4009
4868
1902
9175
9890
7755
3063
794
9859
7713
7397
5643
8324
3447
1680
2038
5324
5499
5578
72
2743
1567
2971
1297
2841
7888
8785
8932
5465
7614
9877
807
6862
3740
7715
3487
992
4373
1419
8866
8294
1524
7917
1369
22
3917
6536
8993
2499
3333
9769
81
2035
5351
1465
7573
8409
1780
4194
748
5471
6922
9405
2185
7535
2566
4741
269
9461
9126
1291
9980
7651
8133
9188
7645
1695
9706
5887
2981
5364
9812
1281
3700
7215
3834
2606
3488
9098
4450
1491
901
6388
8895
8948
1660
9860
3345
9714
5031
2657
4053
3905
1399
5202
4672
3680
2826
5613
59
2478
9556
4182
5303
4372
3987
4302
4556
3073
5665
7878
2490
6159
424
2359
1862
6136
4359
9251
2095
4729
4716
8228
5735
4265
9029
1141
1960
9314
359
1670
9129
6067
7463
1505
3375
7914
8434
2746
6829
154
2638
8347
1891
8
9785
2471
659
5640
9577
5746
1278
8566
6516
4151
4427
5084
8795
698
6607
2678
6620
9778
9371
411
3082
781
4658
7418
2987
706
6634
4602
6904
7807
6867
5523
3724
1614
6277
1930
4918
7031
2177
3046
4784
3526
1952
1005
6142
4723
8534
2221
6531
5201
2108
9400
8001
4467
467
1025
2486
5302
8843
7172
9495
4962
7945
3209
1106
6627
3894
1429
9167
6418
7525
5498
2016
1761
2976
8708
9374
7023
9052
9443
9865
5708
8719
9150
4419
9307
5045
1203
5914
3190
8942
8541
7643
6436
604
5677
2818
4173
2262
8202
4252
4554
3229
9423
2676
3224
9669
3904
5092
9038
4430
1544
5627
5373
8061
5256
9721
4648
6086
2673
5424
5146
5658
4446
5686
2750
7757
7850
4734
7338
6678
6638
4697
9073
4119
5344
1477
4623
1461
8207
3618
4911
3325
1669
9016
7112
4996
9788
1552
6376
8578
7429
7377
1995
519
6226
2427
926
9386
6352
2121
3177
2589
484
8002
2689
4356
9897
1911
1787
7483
2506
3705
5148
6263
5859
2100
2717
360
4078
8777
7138
383
8650
5138
6747
1107
6084
5002
693
9615
9824
8380
2722
3744
5626
555
6720
3712
5736
1738
6702
2774
1481
6679
5964
1421
265
8080
9651
9213
207
8046
908
4569
2590
918
8679
2901
2923
9868
3644
4264
8018
3661
7893
4366
551
1293
2940
2706
6851
4051
349
3102
2487
2733
39
4831
4490
6070
9953
3919
7294
5337
8896
8132
3294
3655
687
3510
1870
1713
4202
6355
9589
2508
4834
6466
1564
9390
3549
9436
2287
2169
3945
6422
2555
3688
8949
7798
3418
2293
7724
9201
5651
4449
1621
504
6739
2347
6668
5320
7709
1081
2974
9652
7103
2628
782
8732
8970
1642
8379
6234
6631
7170
1112
7489
1249
9910
3983
1760
1792
4143
8722
567
5165
9680
4002
3056
5213
6665
7688
9377
9009
2680
4786
488
9248
6722
5587
1536
4234
5171
9701
7473
5806
6653
96
2167
3858
7600
6035
9829
5284
384
925
3883
6368
4136
193
94
4563
1803
137
7712
7853
5264
325
906
7382
3404
5934
186
7019
1656
814
6765
7181
3465
3111
7097
5910
2147
1714
1156
6019
7849
8442
877
6601
7636
5769
6405
4591
7452
7286
3991
8862
4008
3110
4981
6568
1313
3172
8367
1222
4433
4548
520
2895
197
8211
3542
5378
2295
2148
3893
3253
7183
4350
7187
3830
4863
4946
4884
3944
831
6046
7700
2633
7217
8847
8025
5602
4165
6879
7427
4560
1500
2630
8086
7303
758
3807
1840
516
1590
1970
5540
4333
2512
2947
2736
2248
9855
3188
4804
4536
9381
5679
6821
9187
2423
1815
122
6566
6929
8405
8539
7293
2910
6237
1095
5166
4064
9945
117
127
474
3114
2642
1460
2953
143
1828
2190
2412
8070
911
6996
3579
1268
306
2779
3295
1310
3497
825
262
7928
1091
854
2691
562
6700
3587
482
2926
2516
9344
9561
4926
810
4222
4254
676
1543
140
4542
6115
1260
5909
7767
6625
2728
5607
7474
692
6510
6959
8275
1226
4037
1023
6509
6011
9183
8006
9101
890
1387
6378
3854
4084
9685
6887
2694
5028
5356
3061
3820
8928
8273
3792
7312
2406
2042
7954
1083
4985
6185
3993
3940
7005
364
1704
9231
7250
9921
8752
1863
6974
4192
7776
4798
9876
9844
2012
3946
3698
9684
5433
1071
7542
5660
6688
1138
6751
9734
873
2044
2662
8758
3330
2214
6303
3711
6764
8705
5614
3326
8503
8000
7858
1088
7737
2215
2371
4515
347
4709
5549
5403
2071
4925
4189
3552
23
6640
9839
7640
667
6975
2385
242
4496
6153
8339
9127
1740
9548
5079
7470
5215
818
1126
3480
1486
6979
899
2442
5961
2598
1127
7381
7561
2003
3373
7191
2782
9254
625
2873
4547
973
6635
4273
7647
2765
2937
9353
6986
713
5300
7993
9703
5101
2354
9034
4451
2807
6069
7269
7305
602
9617
5624
9787
2979
2431
2488
1145
3620
1778
1776
7862
5653
1501
527
4622
4117
241
3799
1881
2271
1423
43
5566
290
1762
121
8375
4
1547
1099
9783
1349
393
7571
9875
4521
1161
6170
1225
8514
7431
8011
5697
892
6621
6687
5853
559
2955
2538
7513
36
7263
2111
6524
4100
7787
4682
1709
3335
7924
8320
4331
2668
7017
2436
7477
3036
9541
3671
7722
1632
3092
6105
3574
1171
3356
9517
6543
9108
1335
6629
1513
5312
2140
5559
2034
8453
9647
8754
5122
704
4216
8880
7919
5734
9099
1496
1345
983
5449
1735
4207
2481
4574
1086
586
2301
2707
7197
6073
5391
8461
2626
785
2226
686
3276
532
8341
3483
3305
1223
1393
9884
1772
1561
2961
1187
1202
5170
7593
1455
832
1135
2796
6083
6006
2021
4351
2329
3057
9250
2798
4121
4766
980
970
6957
1720
7271
7789
1004
2771
9499
9527
9330
2938
1142
6114
6686
683
6916
403
397
7389
3234
5584
5013
6417
9054
3319
1341
5436
7733
3028
6507
964
7511
2050
9122
1363
3657
6162
1288
1374
635
2204
7551
1783
1066
642
3274
5782
8626
2760
125
2355
9665
3151
954
5368
8301
9449
6065
5083
4407
6971
4068
1997
9539
4259
211
9522
4145
4482
5457
203
3779
723
4975
8168
3070
9494
9744
9581
6384
4644
9750
9342
4358
2496
9796
9001
509
2318
1908
1537
2941
4226
786
9565
3707
4836
5577
3809
7832
2542
7650
765
7100
5053
6482
9023
6413
8095
5357
2088
886
4094
2032
6385
1832
2557
710
790
6919
5911
9694
4860
5066
2276
251
2176
4251
2785
989
4982
8328
1859
4558
1367
9506
4184
3161
7840
1876
6749
8111
3006
6847
4426
8099
998
1117
7520
1415
582
4047
6865
783
2018
354
4205
1729
4512
246
2333
7589
9991
3822
6147
5519
3985
993
2024
5250
8229
548
7689
8836
9133
3970
4228
9223
1207
2596
51
2737
1747
5446
9751
4519
3780
5458
1588
7882
8643
4883
9958
6299
3589
9220
3791
9204
3855
5820
7297
9199
1354
8746
5392
8110
8097
5876
515
9236
1785
524
8361
1303
2142
2756
1585
7038
4320
8700
7785
508
3693
5475
5881
7365
7229
8883
8619
449
6875
5738
1416
4158
712
9705
5376
2067
597
216
6043
7874
7620
302
5445
25
8778
1430
1130
4500
745
5946
1548
101
8611
4168
1224
9789