
653
175
345
499
583
610
203
9
972
328
337
213
544
15
600
654
976
251
762
987
680
134
195
843
480
508
353
912
779
922
280
403
686
22
880
388
314
321
365
376
633
827
364
107
503
601
355
23
715
497
770
379
218
914
415
893
948
873
414
424
7
248
717
319
741
789
216
738
174
910
270
368
141
331
162
274
816
940
169
151
609
760
582
265
68
50
958
807
675
170
665
289
742
547
720
658
121
1
718
531
201
775
855
559
863
828
28
961
748
160
426
858
790
907
525
512
308
894
647
81
834
363
41
636
767
608
763
678
97
161
102
119
356
439
806
575
808
445
179
757
3
708
156
587
197
876
189
534
123
450
198
165
471
352
332
679
178
813
669
935
430
780
419
840
236
472
957
253
53
751
48
984
596
441
726
168
539
792
55
754
933
230
919
470
135
287
400
443
716
498
536
272
316
442
851
801
133
711
309
94
641
546
778
799
225
334
569
466
453
759
937
581
111
846
698
501
277
540
549
243
464
57
921
405
994
431
33
163
481
187
86
410
786
696
14
802
257
913
144
756
992
206
477
186
548
838
509
232
599
613
29
411
586
282
150
351
392
296
366
202
139
190
973
769
705
124
692
638
263
125
126
772
640
382
625
895
656
109
645
523
563
224
928
541
859
346
931
128
868
570
428
398
689
666
247
25
737
615
580
488
942
594
390
70
578
924
694
288
661
140
646
459
747
685
667
13
579
171
435
687
520
40
157
982
663
576
592
495
285
839
879
617
183
427
358
662
878
209
557
211
80
45
677
999
805
993
691
100
533
193
310
777
36
833
831
452
528
814
433
969
112
284
830
244
513
242
475
487
923
845
869
185
429
743
463
75
391
299
889
397
650
988
465
867
798
461
732
294
454
904
166
968
47
406
217
627
208
59
724
11
591
373
266
69
437
329
399
628
598
882
637
361
78
714
745
700
593
374
956
83
966
697
383
275
660
271
91
959
416
985
566
515
370
941
325
506
856
458
755
344
381
543
39
568
727
378
132
335
138
620
184
1000
44
639
343
788
38
467
825
526
326
31
276
657
233
877
951
127
701
177
725
239
588
103
396
350
728
826
418
98
90
577
367
629
787
995
703
517
901
930
496
519
518
113
131
278
250
302
619
84
290
911
56
260
590
684
136
630
945
529
719
819
46
26
537
267
327
238
535
476
699
152
573
514
315
918
494
881
104
89
821
492
852
823
291
817
964
603
607
796
589
504
624
824
241
252
172
51
616
704
167
330
676
642
946
34
983
674
92
474
635
634
130
66
67
384
815
223
159
106
522
99
897
915
385
19
967
402
457
254
298
974
939
259
841
12
850
979
214
730
794
892
554
323
493
268
219
37
998
920
626
210
989
333
434
52
63
822
221
795
212
947
949
746
432
900
749
623
693
903
785
800
447
269
307
82
909
444
938
784
21
17
192
30
721
295
670
864
478
572
722
606
27
926
516
420
371
489
595
857
469
486
733
562
750
234
860
71
965
479
341
668
231
659
249
553
865
511
766
532
810
462
632
18
853
312
264
621
407
207
538
888
297
181
874
706
389
709
49
986
781
950
258
521
8
35
885
145
866
740
408
556
883
148
146
925
237
194
527
96
485
764
953
771
114
61
456
862
960
739
143
561
707
602
409
386
324
811
768
317
137
281
713
977
235
5
929
735
4
842
870
394
975
360
283
736
279
229
490
649
88
871
943
338
72
980
164
908
32
108
95
76
303
222
149
776
681
861
530
847
564
191
262
468
359
339
348
118
120
311
422
58
116
990
906
292
449
404
560
899
631
886
571
180
837
585
584
829
773
300
483
255
916
438
73
455
782
256
176
932
917
981
551
765
227
305
555
313
153
261
301
614
970
204
491
425
835
205
902
774
42
401
844
611
682
744
484
43
505
791
74
695
362
524
228
393
758
597
110
752
683
85
731
793
812
473
421
318
129
753
155
849
372
2
565
655
832
320
927
955
64
240
87
550
502
552
347
954
558
65
612
340
963
304
809
820
273
803
997
16
10
79
117
887
286
898
542
567
196
651
6
652
890
306
891
357
884
673
336
387
644
413
173
62
417
93
962
604
246
723
952
354
545
369
142
220
375
712
622
688
710
377
934
896
836
182
154
105
936
702
412
451
440
991
215
510
436
342
200
293
729
996
188
245
797
648
574
618
783
460
500
944
875
226
122
322
54
20
482
423
643
664
761
158
507
147
24
734
115
605
848
854
905
446
77
101
971
199
818
349
672
60
978
872
395
690
448
380
671
804